0 19
0 23
0 26
0 29
1 4
1 19
1 23
1 29
1 31
2 4
2 19
2 30
2 34
2 37
3 4
3 16
3 25
3 29
4 6
4 11
4 23
4 28
4 29
4 32
4 37
5 17
5 30
5 34
5 39
6 24
6 25
6 28
6 33
6 36
7 10
7 35
8 10
8 19
8 28
8 31
8 32
9 14
9 19
9 22
9 23
9 36
10 24
10 35
11 12
11 24
11 25
11 28
11 29
11 34
12 15
12 16
12 39
13 17
13 23
14 36
15 23
15 37
16 17
16 19
16 22
16 25
16 26
16 28
16 39
17 27
17 28
17 32
18 19
18 20
18 28
18 38
19 20
20 23
20 25
20 27
20 28
21 23
21 27
21 39
22 25
22 28
22 34
22 39
23 29
24 36
25 33
25 36
25 38
26 33
27 34
28 35
28 39
29 35
30 33
31 36
31 38
35 36
35 38
37 38
